<?xml version="1.0"?>
<opencv_storage>
<calibration_Time>"07/09/15 14:05:27"</calibration_Time>
<nrOfFrames>25</nrOfFrames>
<image_Width>640</image_Width>
<image_Height>480</image_Height>
<board_Width>9</board_Width>
<board_Height>6</board_Height>
<square_Size>50.</square_Size>
<FixAspectRatio>1.</FixAspectRatio>
<!-- flags:  +fix_aspectRatio +fix_principal_point +zero_tangent_dist -->
<flagValue>14</flagValue>
<Camera_Matrix type_id="opencv-matrix">
  <rows>3</rows>
  <cols>3</cols>
  <dt>d</dt>
  <data>
    6.6256365028637822e+002 0. 3.1950000000000000e+002 0.
    6.6256365028637822e+002 2.3950000000000000e+002 0. 0. 1.</data></Camera_Matrix>
<Distortion_Coefficients type_id="opencv-matrix">
  <rows>5</rows>
  <cols>1</cols>
  <dt>d</dt>
  <data>
    1.5158393435647097e-001 -9.2274015540996979e-001 0. 0.
    1.4620199535887497e+000</data></Distortion_Coefficients>
<Avg_Reprojection_Error>5.7227746576507244e-001</Avg_Reprojection_Error>
<Per_View_Reprojection_Errors type_id="opencv-matrix">
  <rows>25</rows>
  <cols>1</cols>
  <dt>f</dt>
  <data>
    1.11605895e+000 2.78773397e-001 3.06543231e-001 3.02954644e-001
    4.23996747e-001 1.57728136e+000 1.01108396e+000 2.60504872e-001
    5.72050452e-001 4.06368196e-001 4.47648942e-001 3.16067874e-001
    4.28849429e-001 3.78282219e-001 4.61620420e-001 3.43904674e-001
    3.17578644e-001 3.72241616e-001 4.27530468e-001 3.58206421e-001
    4.98425394e-001 4.87750411e-001 3.14936340e-001 4.87468719e-001
    3.09919745e-001</data></Per_View_Reprojection_Errors>
<!-- a set of 6-tuples (rotation vector + translation vector) for each view -->
<Extrinsic_Parameters type_id="opencv-matrix">
  <rows>25</rows>
  <cols>6</cols>
  <dt>d</dt>
  <data>
    -9.4574580876453074e-001 -7.5400520742744288e-003
    1.7119566627553536e-002 -2.0078364395553595e+002
    -6.1385424437946412e+001 8.2368702438500588e+002
    -9.4444422521742610e-001 2.9147981574351309e-002
    8.7929252577420555e-002 -2.0168956003378850e+002
    -5.6451440709658939e+001 8.1905470421512791e+002
    -9.4353450502015779e-001 7.9713774861658995e-002
    1.8925922626293790e-001 -1.6518506199516366e+002
    -5.3223815139669902e+001 8.1541559174820156e+002
    -9.4643828699723354e-001 -7.0728982353991769e-003
    1.4663100438440773e-002 -1.9945506681221588e+002
    -8.6952843376732805e+000 7.5383403454637244e+002
    -9.4793618628716469e-001 -1.2960377552550483e-002
    3.3571022027425669e-003 -2.0705090739964652e+002
    -8.1760230214826151e+001 8.5463142420902216e+002
    -9.3533567723711142e-001 2.2787806095181462e-003
    1.1555503390429694e-002 -2.0966490962230779e+002
    -1.0431257336742959e+002 8.8354363941916620e+002
    -9.4184530566968327e-001 7.2498446363339136e-003
    2.8312377849981533e-002 -2.8134630628787977e+002
    -1.0413549540629573e+002 8.8229350153817143e+002
    -9.4243544062696127e-001 8.2009426440166441e-002
    1.9571674598160460e-001 -2.5939891827406552e+002
    -1.0553002965959332e+002 8.8455768830475222e+002
    -9.3727397471434581e-001 1.3032649183456088e-001
    2.8827868802883139e-001 -2.1470738735999382e+002
    -9.6282417877791985e+001 8.7244549395746810e+002
    -9.3872878079598621e-001 1.3944843647715438e-001
    3.0868558539330127e-001 -1.7782661091184235e+002
    -7.4353097976217796e+001 8.4389785000445909e+002
    -9.3867561422807888e-001 1.0398747460367129e-001
    2.3393049760064880e-001 -1.8364032211478656e+002
    -5.6732304875268241e+001 8.1795911374383206e+002
    -9.4668936386627367e-001 4.2678076073747920e-002
    1.1308629145197606e-001 -2.1655178027117188e+002
    -3.6148019829900534e+001 7.9120882807603277e+002
    -9.4963182424088366e-001 -2.1375578516946721e-002
    -1.1756682407631166e-002 -2.5379687462025856e+002
    -2.1706497428853311e+001 7.7024098516239371e+002
    -9.4782667817112010e-001 2.0310314256333274e-002
    7.1585041825511550e-002 -2.4733574291789998e+002
    -3.7593298882789462e+001 7.9249246521938801e+002
    -9.4856765872344118e-001 -3.7632441618117530e-003
    2.4094263644656305e-002 -2.4523120718382830e+002
    -2.8613271886517232e+001 7.7995834192491088e+002
    -9.4753640217255775e-001 -1.3539209839381521e-002
    3.5988061668212946e-003 -2.5331057891234389e+002
    -4.7190955272190678e+001 8.0520660015179135e+002
    -9.4766839638304556e-001 -1.7281951904847312e-002
    -1.5748008815190608e-003 -2.9393635863645642e+002
    -6.3448111302007653e+001 8.2632141354726900e+002
    -9.4717965560936090e-001 -3.9244505453028079e-002
    -4.5317640532786800e-002 -2.3350222446689736e+002
    -3.9444529413568226e+001 7.9512460089059130e+002
    -9.4602174272073403e-001 -8.1124347394639112e-002
    -1.2971835008040197e-001 -1.9055365452006671e+002
    -6.7349612037606006e+000 7.5139851488833096e+002
    -9.4343261432327341e-001 -1.0240068529873046e-001
    -1.7315609041424979e-001 -1.7277712032149694e+002
    5.5216317079385417e+000 7.3495619856529299e+002
    -9.4542473563110541e-001 -1.1035324111597403e-001
    -1.9107915832382277e-001 -1.6518553649517179e+002
    1.4142805644059976e+001 7.2406093617891304e+002
    -9.4497168200932069e-001 -1.1053181436474925e-001
    -1.9110877936331680e-001 -1.6519568469861719e+002
    1.3979599279716183e+001 7.2392847577658438e+002
    -9.4259218930830824e-001 -1.1216962421400221e-001
    -1.9500915591884999e-001 -2.0129980997185180e+002
    -5.3929486371463824e+000 7.4970156056067742e+002
    -9.4389837741787230e-001 -1.2047088498462810e-001
    -2.1025298657911529e-001 -2.0916386711975812e+002
    -7.4350649014009393e+000 7.5257622194442990e+002
    -9.4018269045287872e-001 -1.3230175607247965e-001
    -2.3448844876195099e-001 -2.1604601391693180e+002
    -4.2827170273684017e+000 7.4779280625469323e+002</data></Extrinsic_Parameters>
